	00000000 00000000 10100100;
00000011:
	11001110 11010001 00000110;
	00010010 00010010 00001001;
	11010001 00010010 00001100;
	00010011 00010011 00001111;
	11010001 00010011 00010010;
	00000000 00000000 00010101;
	00011100 00011100 00011000;
	11010001 00011100 00011011;
00011110:
	11010000 00000000 00011110;
	11010000 11010000 00100001;
	11010001 11010000 00100100;
	11001110 11010001 00100111;
	11001110 11010001 00101010;
	00110110 00110110 00101101;
	11010001 00110110 00110000;
	00110111 00110111 00110011;
	11010001 00110111 00110110;
	00000000 00000000 00111001;
00111100:
	01000000 01000000 00111100;
	11010001 01000000 00111111;
	11001001 00000000 01000010;
	11001110 11010001 01000101;
	01010001 01010001 01001000;
	11010001 01010001 01001011;
	01010010 01010010 01001110;
	11010001 01010010 01010001;
	00000000 00000000 01010100;
	01011011 01011011 01010111;
01011010:
	11010001 01011011 01011010;
	11001010 00000000 01011101;
	11001110 11010001 01100000;
	01101100 01101100 01100011;
	11010001 01101100 01100110;
	01101101 01101101 01101001;
	11010001 01101101 01101100;
	00000000 00000000 01101111;
	01110110 01110110 01110010;
	11010001 01110110 01110101;
01111000:
	11001011 00000000 01111000;
	11001001 11001001 01111011;
	11001010 11001010 01111110;
	11010000 11001001 10000001;
	11001110 11001001 10000100;
	11001001 11001010 10000111;
	10011111 10011111 10001010;
	10100000 10100000 10001101;
	10100110 10100110 10010000;
	11001010 11001101 10010011;
10010110:
	11001101 10011111 10010110;
	11001101 10100000 10011001;
	11001101 10100110 10011100;
	11001101 11001101 10011111;
	00000000 00000000 10100010;
	11001000 11001101 10100101;
	11001101 00000000 10101000;
	11001101 11001101 10101011;
	11001001 11001001 10101110;
	11001010 11001010 10110001;
10110100:
	11010000 11001001 10110100;
	11001110 11001001 10110111;
	11001001 11001010 10111010;
	11001001 11001001 10111101;
	11001011 11001011 11000000;
	11001100 11001100 11000011;
	11001010 11001101 11000110;
	11001101 11001100 11001001;
	11001101 11001101 11001100;
	00000000 11001001 11001111;
11010010:
	11001001 11001011 11010010;
	11001010 11001010 11010101;
	11000111 11001101 11011000;
	11001101 11001010 11011011;
	11001101 11001101 11011110;
	11001011 11001010 11100001;
	11001100 11001010 11100100;
	11001101 11001010 00011110;
	11001001 11001001 11101010;
	11001010 11001010 11101101;
11110000:
	11010000 11001001 11110000;
	11001110 11001001 11110011;
	11001001 11001010 11110110;
	00001110 00001110 11111001;
	00001111 00001111 11111100;
	00010101 00010101 11111111;
	11001010 11001101 00000010;
	11001101 00001110 00000101;
	11001101 00001111 00001000;
	11001101 00010101 00001011;
00001110:
	11001101 11001101 00001110;
	00000000 00000000 00010001;
	11001110 11001101 00010100;
	11001101 00000000 00010111;
	11001101 11001101 00011010;
	11001101 11001101 01010010;
00011110:
	11001010 11001010 00100000;
	11001001 11001001 00100011;
	11010000 11001010 00100110;
	11001110 11001010 00101001;
00101100:
	11001010 11001001 00101100;
	01000100 01000100 00101111;
	01000101 01000101 00110010;
	01001011 01001011 00110101;
	11001001 11001101 00111000;
	11001101 01000100 00111011;
	11001101 01000101 00111110;
	11001101 01001011 01000001;
	11001101 11001101 01000100;
	00000000 00000000 01000111;
01001010:
	11001100 11001101 01001010;
	11001101 00000000 01001101;
	11001101 11001101 01010000;
01010010:
	01011001 01011001 01010011;
	11010001 01011001 01010110;
	11001011 11001011 01011001;
	00000000 11001011 01011100;
	11001100 11010001 01011111;
	01101000 01101000 01100010;
	11010001 01101000 01100101;
01101000:
	11001010 11001010 01101000;
	00000000 11001010 01101011;
	11001100 11010001 01101110;
	01110111 01110111 01110001;
	11010001 01110111 01110100;
	11001001 11001001 01110111;
	00000000 11001001 01111010;
	11001100 11010001 01111101;
	11010001 11010001 10000000;
	11010000 11010001 10000011;
10000110:
	10001100 10001100 10000110;
	11010001 10001100 10001001;
	11010000 11010000 10001100;
	00000000 11010000 10001111;
	11001100 11010001 10010010;
	10011011 10011011 10010101;
	11010001 10011011 10011000;
	10100000 10100000 10011011;
	00000000 10100000 10011110;
	11001101 11001101 00000000;
10100100:
10100100:
	11001110 11010001 10100100;
	10110000 10110000 10100111;
	11010001 10110000 10101010;
	10110001 10110001 10101101;
	11010001 10110001 10110000;
	00000000 00000000 10110011;
	10111010 10111010 10110110;
	11010001 10111010 10111001;
	10111100 00000000 00000011;
	11000000:11000001(#Next) ;
	11001100 11010001 11000000;
	11001101 11001101 (-1);
	11000111:00000000(#c2) 11001000:00000011(#c1) ;
	11001001:00000000(#t1) 11001010:00000000(#t2) 11001011:00000000(#t3) ;
	11001100:11111111(#inc) 11001101:00000000(#Z) 11001110:00000001(#dec) 11001111:00000000(#ax) 11010000:00000000(#bp) 11010001:00000000(#sp) ;
