00000000 00000000 10100001 
11001011 11001110 00000110 
00010010 00010010 00001001 
11001110 00010010 00001100 
00010011 00010011 00001111 
11001110 00010011 00010010 
00000000 00000000 00010101 
00011100 00011100 00011000 
11001110 00011100 00011011 
11001101 00000000 00011110 
11001101 11001101 00100001 
11001110 11001101 00100100 
11001011 11001110 00100111 
11001011 11001110 00101010 
00110110 00110110 00101101 
11001110 00110110 00110000 
00110111 00110111 00110011 
11001110 00110111 00110110 
00000000 00000000 00111001 
01000000 01000000 00111100 
11001110 01000000 00111111 
11000110 00000000 01000010 
11001011 11001110 01000101 
01010001 01010001 01001000 
11001110 01010001 01001011 
01010010 01010010 01001110 
11001110 01010010 01010001 
00000000 00000000 01010100 
01011011 01011011 01010111 
11001110 01011011 01011010 
11000111 00000000 01011101 
11001011 11001110 01100000 
01101100 01101100 01100011 
11001110 01101100 01100110 
01101101 01101101 01101001 
11001110 01101101 01101100 
00000000 00000000 01101111 
01110110 01110110 01110010 
11001110 01110110 01110101 
11001000 00000000 01111000 
11000110 11000110 01111011 
11000111 11000111 01111110 
11001101 11000110 10000001 
11001011 11000110 10000100 
11000110 11000111 10000111 
10011111 10011111 10001010 
10100000 10100000 10001101 
10100110 10100110 10010000 
11000111 11001010 10010011 
11001010 10011111 10010110 
11001010 10100000 10011001 
11001010 10100110 10011100 
11001010 11001010 10011111 
00000000 00000000 10100010 
11000011 11001010 10100101 
11001010 00000000 10101000 
11001010 11001010 10101011 
11000110 11000110 10101110 
11000111 11000111 10110001 
11001101 11000110 10110100 
11001011 11000110 10110111 
11000110 11000111 10111010 
11000110 11000110 10111101 
11001000 11001000 11000000 
11001100 11001100 11000011 
11000111 11001010 11000110 
11001010 11001100 11001001 
11001010 11001010 11001100 
00000000 11000110 11001111 
11000110 11001000 11010010 
11000111 11000111 11010101 
11000011 11001010 11011000 
11001010 11000111 11011011 
11001010 11001010 11011110 
11001000 11000111 11100001 
11001001 11000111 11100100 
11001010 11000111 00011101 
11000110 11000110 11101010 
11000111 11000111 11101101 
11001101 11000110 11110000 
11001011 11000110 11110011 
11000110 11000111 11110110 
00001110 00001110 11111001 
00001111 00001111 11111100 
00010101 00010101 11111111 
11000111 11001010 00000010 
11001010 00001110 00000101 
11001010 00001111 00001000 
11001010 00010101 00001011 
11001010 11001010 00001110 
00000000 00000000 00010001 
11000100 11001010 00010100 
11001010 00000000 00010111 
11001010 11001010 00011010 
11001010 11001010 01010000 
11000111 11000111 00100000 
11000110 11000110 00100011 
11001101 11000111 00100110 
11001011 11000111 00101001 
11000111 11000110 00101100 
01000100 01000100 00101111 
01000101 01000101 00110010 
01001011 01001011 00110101 
11000110 11001010 00111000 
11001010 01000100 00111011 
11001010 01000101 00111110 
11001010 01001011 01000001 
11001010 11001010 01000100 
00000000 00000000 01000111 
11000101 11001010 01001010 
11001010 00000000 01001101 
11001010 11001010 01010000 
01011001 01011001 01010011 
11001110 01011001 01010110 
11001000 11001000 01011001 
00000000 11001000 01011100 
11001001 11001110 01011111 
01101000 01101000 01100010 
11001110 01101000 01100101 
11000111 11000111 01101000 
00000000 11000111 01101011 
11001001 11001110 01101110 
01110111 01110111 01110001 
11001110 01110111 01110100 
11000110 11000110 01110111 
00000000 11000110 01111010 
11001001 11001110 01111101 
11001110 11001110 10000000 
11001101 11001110 10000011 
10001100 10001100 10000110 
11001110 10001100 10001001 
11001101 11001101 10001100 
00000000 11001101 10001111 
11001001 11001110 10010010 
10011011 10011011 10010101 
11001110 10011011 10011000 
10100000 10100000 10011011 
00000000 10100000 10011110 
11001010 11001010 00000000 
11001011 11001110 10100100 
10110000 10110000 10100111 
11001110 10110000 10101010 
10110001 10110001 10101101 
11001110 10110001 10110000 
00000000 00000000 10110011 
10111010 10111010 10110110 
11001110 10111010 10111001 
10111100 00000000 00000011 
10111101   
11001001 11001110 11000000 
11001010 11001010 11111111 
00000000 00000010 00000011 
00000000 00000000 00000000 
11111111 00000000 00000001 00000000 00000000 00110010 