	00000000 00000000 10100100;
00000011:
	11001110 11010001 00000111;
	00010011 00010011 00001010;
	11010001 00010011 00001101;
	00010100 00010100 00010000;
	11010001 00010100 00010011;
	00000000 00000000 00010110;
	00011101 00011101 00011001;
	11010001 00011101 00011100;
	11010000 00000000 00011111;
	11010000 11010000 00100010;
	11010001 11010000 00100101;
	11001110 11010001 00101000;
	11001110 11010001 00101011;
	00110111 00110111 00101110;
	11010001 00110111 00110001;
	00111000 00111000 00110100;
	11010001 00111000 00110111;
	00000000 00000000 00111010;
	01000001 01000001 00111101;
	11010001 01000001 01000000;
	11001001 00000000 01000011;
	11001110 11010001 01000110;
	01010010 01010010 01001001;
	11010001 01010010 01001100;
	01010011 01010011 01001111;
	11010001 01010011 01010010;
	00000000 00000000 01010101;
	01011100 01011100 01011000;
	11010001 01011100 01011011;
	11001010 00000000 01011110;
	11001110 11010001 01100001;
	01101101 01101101 01100100;
	11010001 01101101 01100111;
	01101110 01101110 01101010;
	11010001 01101110 01101101;
	00000000 00000000 01110000;
	01110111 01110111 01110011;
	11010001 01110111 01110110;
	11001011 00000000 01111001;
	11001001 11001001 01111100;
	11001010 11001010 01111111;
	11010000 11001001 10000010;
	11001110 11001001 10000101;
	11001001 11001010 10001000;
	10100000 10100000 10001011;
	10100001 10100001 10001110;
	10100111 10100111 10010001;
	11001010 11001101 10010100;
	11001101 10100000 10010111;
	11001101 10100001 10011010;
	11001101 10100111 10011101;
	11001101 11001101 10100000;
	00000000 00000000 10100011;
	11001000 11001101 10100110;
	11001101 00000000 10101001;
	11001101 11001101 10101100;
	11001001 11001001 10101111;
	11001010 11001010 10110010;
	11010000 11001001 10110101;
	11001110 11001001 10111000;
	11001001 11001010 10111011;
	11001001 11001001 10111110;
	11001011 11001011 11000001;
	11001101 11001101 11000100;
	11001010 11001101 11000111;
	11001101 11001101 11001010;
	11001101 11001101 11001101;
	00000000 11001001 11010000;
	11001001 11001011 11010011;
	11001010 11001010 11010110;
	11000111 11001101 11011001;
	11001101 11001010 11011100;
	11001101 11001101 11011111;
	11001011 11001010 11100010;
	11001100 11001010 11100101;
	11001101 11001010 00011110;
	11001001 11001001 11101011;
	11001010 11001010 11101110;
	11010000 11001001 11110001;
	11001110 11001001 11110100;
	11001001 11001010 11110111;
	00001111 00001111 11111010;
	00010000 00010000 11111101;
	00010110 00010110 00000000;
	11001010 11001101 00000011;
	11001101 00001111 00000110;
	11001101 00010000 00001001;
	11001101 00010110 00001100;
	11001101 11001101 00001111;
	00000000 00000000 00010010;
	11001110 11001101 00010101;
	11001101 00000000 00011000;
	11001101 11001101 00011011;
	11001101 11001101 01010010;
00011110:
	11001010 11001010 00100010;
	11001001 11001001 00100101;
	11010000 11001010 00101000;
	11001110 11001010 00101011;
	11001010 11001001 00101110;
	01000110 01000110 00110001;
	01000111 01000111 00110100;
	01001101 01001101 00110111;
	11001001 11001101 00111010;
	11001101 01000110 00111101;
	11001101 01000111 01000000;
	11001101 01001101 01000011;
	11001101 11001101 01000110;
	00000000 00000000 01001001;
	11001100 11001101 01001100;
	11001101 00000000 01001111;
	11001101 11001101 01010010;
01010010:
	01011100 01011100 01010110;
	11010001 01011100 01011001;
	11001011 11001011 01011100;
	00000000 11001011 01011111;
	11001100 11010001 01100010;
	01101011 01101011 01100101;
01101000:
	11010001 01101011 01101000;
	11001010 11001010 01101011;
	00000000 11001010 01101110;
	11001100 11010001 01110001;
	01111010 01111010 01110100;
	11010001 01111010 01110111;
	11001001 11001001 01111010;
	00000000 11001001 01111101;
	11001100 11010001 10000000;
	11010001 11010001 10000011;
10000110:
	11010000 11010001 10000110;
	10001111 10001111 10001001;
	11010001 10001111 10001100;
	11010000 11010000 10001111;
	00000000 11010000 10010010;
	11001100 11010001 10010101;
	10011110 10011110 10011000;
	11010001 10011110 10011011;
	10100011 10100011 10011110;
	00000000 10100011 10100001;
10100100:
	11001101 11001101 00000000;
10100100:
	11001110 11010001 10101000;
	10110100 10110100 10101011;
	11010001 10110100 10101110;
	10110101 10110101 10110001;
	11010001 10110101 10110100;
	00000000 00000000 10110111;
	10111110 10111110 10111010;
	11010001 10111110 10111101;
	11000000 00000000 00000011;
	11000000:11000001(#Next) ;
	11001100 11010001 11000100;
	11001101 11001101 (-1);
	11000111:00000000(#c2) 11001000:00000011(#c1) ;
	11001001:00000000(#t1) 11001010:00000000(#t2) 11001011:00000000(#t3) ;
	11001100:11111111(#inc) 11001101:00000000(#Z) 11001110:00000001(#dec) 11001111:00000000(#ax) 11010000:00000000(#bp) 11010001:00000000(#sp) ;
