	subleq top:top top 11100001;
_main:
	subleq 11111111 00000010 00000101;
	subleq 00010001 00010001 00000110;
	subleq 00000010 00001111 00001000;
	subleq 00001111 00001111 00001001;
	subleq 00000010 00001101 00001011;
0
	subleq 00010010 00010010 00001100;
	subleq 00000010 00010000 00001110;
	subleq 00000001 00000000 00010000;
	subleq 00000001 00000001 00010001;
	subleq 00000010 00000001 00010011;
	subleq 11111111 00000010 00010101;
	subleq 11111111 00000010 00010111;
	subleq 00100011 00100011 00011000;
	subleq 00000010 00100001 00011010;
	subleq 00100001 00100001 00011011;
	subleq 00000010 00011111 00011101;
0
	subleq 00100100 00100100 00011110;
	subleq 00000010 00100010 00100000;
	subleq 11111010 00000000 00100010;
	subleq 11111111 00000010 00100100;
	subleq 00110000 00110000 00100101;
	subleq 00000010 00101110 00100111;
	subleq 00101110 00101110 00101000;
	subleq 00000010 00101100 00101010;
0
	subleq 00110001 00110001 00101011;
	subleq 00000010 00101111 00101101;
	subleq 11111011 00000000 00101111;
	subleq 11111111 00000010 00110001;
	subleq 00111101 00111101 00110010;
	subleq 00000010 00111011 00110100;
	subleq 00111011 00111011 00110101;
	subleq 00000010 00111001 00110111;
0
	subleq 00111110 00111110 00111000;
	subleq 00000010 00111100 00111010;
	subleq 11111100 00000000 00111100;
	subleq 11111010 11111010 00111101;
	subleq 11111011 11111011 00111110;
	subleq 00000001 11111010 01000000;
	subleq 11111111 11111010 01000010;
	subleq 11111010 11111011 01000100;
	subleq 01011100 01011100 01000101;
	subleq 01011011 01011011 01000110;
	subleq 01011111 01011111 01000111;
	subleq 11111011 11111110 01001001;
	subleq 11111110 01010101 01001011;
	subleq 11111110 01010101 01001101;
	subleq 11111110 01011010 01001111;
	subleq 11111110 11111110 01010000;
0
	subleq 11111001 11111110 01010010;
	subleq 11111110 00000000 01010100;
	subleq 11111110 11111110 01010101;
	subleq 11111010 11111010 01010110;
	subleq 11111011 11111011 01010111;
	subleq 00000001 11111010 01011001;
	subleq 11111111 11111010 01011011;
	subleq 11111010 11111011 01011101;
	subleq 11111010 11111010 01011110;
	subleq 11111100 11111100 01011111;
	subleq 01101011 01101011 01100000;
	subleq 11111011 11111110 01100010;
	subleq 11111110 01101000 01100100;
	subleq 11111110 11111110 01100101;
	subleq 00000000 11111010 01100111;
	subleq 11111010 11111100 01101001;
	subleq 11111011 11111011 01101010;
	subleq 11110110 11111110 01101100;
	subleq 11111110 11111011 01101110;
	subleq 11111110 11111110 01101111;
	subleq 11111100 11111011 01110001;
	subleq 11111101 11111011 01110011;
	subleq 11111110 11111011 10011001;
	subleq 11111010 11111010 01110111;
	subleq 11111011 11111011 01111000;
	subleq 00000001 11111010 01111010;
	subleq 11111111 11111010 01111100;
	subleq 11111010 11111011 01111110;
	subleq 10010110 10010110 01111111;
	subleq 10010101 10010101 10000000;
	subleq 10011001 10011001 10000001;
	subleq 11111011 11111110 10000011;
	subleq 11111110 10001111 10000101;
	subleq 11111110 10001111 10000111;
	subleq 11111110 10010100 10001001;
	subleq 11111110 11111110 10001010;
0
	subleq 11110111 11111110 10001100;
	subleq 11111110 00000000 10001110;
	subleq 11111110 11111110 10001111;
	subleq 11111110 11111110 10110100;
l1:
	subleq 11111011 11111011 10010011;
	subleq 11111010 11111010 10010100;
	subleq 00000001 11111011 10010110;
	subleq 11111111 11111011 10011000;
	subleq 11111011 11111010 10011010;
	subleq 10110010 10110010 10011011;
	subleq 10110001 10110001 10011100;
	subleq 10110101 10110101 10011101;
	subleq 11111010 11111110 10011111;
	subleq 11111110 10101011 10100001;
	subleq 11111110 10101011 10100011;
	subleq 11111110 10110000 10100101;
	subleq 11111110 11111110 10100110;
0
	subleq 11111000 11111110 10101000;
	subleq 11111110 00000000 10101010;
	subleq 11111110 11111110 10101011;
l2:
	subleq 10110100 10110100 10101100;
	subleq 00000010 10110010 10101110;
	subleq 11111100 11111100 10101111;
	subleq 00000000 11111100 10110001;
	subleq 11111101 00000010 10110011;
	subleq 10111100 10111100 10110100;
	subleq 00000010 10111010 10110110;
	subleq 11111011 11111011 10110111;
	subleq 00000000 11111011 10111001;
	subleq 11111101 00000010 10111011;
	subleq 11000100 11000100 10111100;
	subleq 00000010 11000010 10111110;
	subleq 11111010 11111010 10111111;
	subleq 00000000 11111010 11000001;
	subleq 11111101 00000010 11000011;
	subleq 00000010 00000010 11000100;
	subleq 00000001 00000010 11000110;
	subleq 11001111 11001111 11000111;
	subleq 00000010 11001101 11001001;
	subleq 00000001 00000001 11001010;
	subleq 00000000 00000001 11001100;
	subleq 11111101 00000010 11001110;
	subleq 11010111 11010111 11001111;
	subleq 00000010 11010101 11010001;
	subleq 11011001 11011001 11010010;
	subleq 00000000 11010111 11010100;
	subleq 11111110 11111110 00000000;
sqmain:
	subleq 11111111 00000010 11011001;
	subleq 11100101 11100101 11011010;
	subleq 00000010 11100011 11011100;
	subleq 11100011 11100011 11011101;
	subleq 00000010 11100001 11011111;
0
	subleq 11100110 11100110 11100000;
	subleq 00000010 11100100 11100010;
	subleq 11100101 00000000 00000011;
. Next:0
	subleq 11111101 00000010 11100111;
	subleq 11111110 11111110 (-1);
. c4:00000000 c2:00001010 c3:00001011 c1:00000010 
. t1:00000000 t2:00000000 t3:00000000 
. inc:11111111 Z:00000000 dec:00000001 ax:00000000 bp:00000000 sp:11111111 
. 
